21005114001 72
21005114002 67
21005114003 73
21005114004 84
21005114005 71
21005114006 58
21005114007 94
21005114008 99
21005114009 70
21005114010 99
21005114011 79
21005114012 56
21005114013 96
21005114014 58
21005114015 82
21005114016 61
21005114017 93
21005114018 71
21005114019 50
21005114020 59
21005114021 95
21005114022 57
21005114023 69
21005114024 64
21005114025 76
21005114026 69
21005114027 83
21005114028 99
21005114029 99
21005114030 83
21005114031 58
21005114032 65
21005114033 90
21005114034 93
21005114035 59
21005114036 75
21005114037 91
21005114038 69
21005114039 60
21005114040 72
21005114041 65
21005114042 88
21005114043 57
21005114044 78
21005114045 76
21005114046 99
21005114047 84
21005114048 53
21005114049 56
21005114050 79
21005114001 69
21005114002 70
21005114003 98
21005114004 92
21005114005 75
21005114006 99
21005114007 76
21005114008 61
21005114009 84
21005114010 89
21005114011 60
21005114012 76
21005114013 95
21005114014 60
21005114015 60
21005114016 83
21005114017 95
21005114018 73
21005114019 56
21005114020 63
21005114021 68
21005114022 85
21005114023 96
21005114024 70
21005114025 62
21005114026 76
21005114027 91
21005114028 59
21005114029 65
21005114030 66
21005114031 53
21005114032 84
21005114033 79
21005114034 61
21005114035 80
21005114036 73
21005114037 87
21005114038 90
21005114039 57
21005114040 88
21005114041 69
21005114042 77
21005114043 51
21005114044 62
21005114045 51
21005114046 56
21005114047 55
21005114048 94
21005114049 64
21005114050 66
21005114001 74
21005114002 52
21005114003 67
21005114004 66
21005114005 80
21005114006 92
21005114007 97
21005114008 53
21005114009 76
21005114010 63
21005114011 52
21005114012 95
21005114013 74
21005114014 56
21005114015 72
21005114016 56
21005114017 81
21005114018 77
21005114019 60
21005114020 90
21005114021 69
21005114022 89
21005114023 79
21005114024 76
21005114025 68
21005114026 69
21005114027 79
21005114028 91
21005114029 79
21005114030 87
21005114031 66
21005114032 87
21005114033 63
21005114034 84
21005114035 87
21005114036 90
21005114037 54
21005114038 73
21005114039 75
21005114040 62
21005114041 50
21005114042 97
21005114043 60
21005114044 53
21005114045 61
21005114046 89
21005114047 51
21005114048 57
21005114049 57
21005114050 81
21005114001 50
21005114002 50
21005114003 88
21005114004 84
21005114005 98
21005114006 90
21005114007 100
21005114008 58
21005114009 71
21005114010 65
21005114011 100
21005114012 62
21005114013 50
21005114014 52
21005114015 63
21005114016 65
21005114017 74
21005114018 70
21005114019 78
21005114020 97
21005114021 68
21005114022 80
21005114023 75
21005114024 75
21005114025 68
21005114026 92
21005114027 100
21005114028 83
21005114029 81
21005114030 88
21005114031 79
21005114032 68
21005114033 57
21005114034 98
21005114035 61
21005114036 68
21005114037 63
21005114038 75
21005114039 50
21005114040 87
21005114041 78
21005114042 91
21005114043 78
21005114044 64
21005114045 76
21005114046 97
21005114047 55
21005114048 56
21005114049 50
21005114050 94
21005114001 70
21005114002 71
21005114003 93
21005114004 67
21005114005 76
21005114006 91
21005114007 99
21005114008 100
21005114009 77
21005114010 58
21005114011 77
21005114012 64
21005114013 70
21005114014 82
21005114015 91
21005114016 67
21005114017 51
21005114018 99
21005114019 95
21005114020 73
21005114021 97
21005114022 68
21005114023 63
21005114024 72
21005114025 80
21005114026 79
21005114027 58
21005114028 76
21005114029 78
21005114030 99
21005114031 67
21005114032 56
21005114033 69
21005114034 52
21005114035 100
21005114036 51
21005114037 53
21005114038 58
21005114039 76
21005114040 50
21005114041 59
21005114042 79
21005114043 99
21005114044 50
21005114045 96
21005114046 93
21005114047 100
21005114048 62
21005114049 51
21005114050 66
21005114001 93
21005114002 54
21005114003 51
21005114004 57
21005114005 86
21005114006 56
21005114007 88
21005114008 78
21005114009 71
21005114010 78
21005114011 52
21005114012 74
21005114013 54
21005114014 58
21005114015 54
21005114016 80
21005114017 74
21005114018 67
21005114019 67
21005114020 82
21005114021 55
21005114022 73
21005114023 93
21005114024 97
21005114025 80
21005114026 94
21005114027 59
21005114028 94
21005114029 59
21005114030 56
21005114031 59
21005114032 70
21005114033 87
21005114034 76
21005114035 80
21005114036 50
21005114037 92
21005114038 98
21005114039 61
21005114040 94
21005114041 82
21005114042 82
21005114043 62
21005114044 61
21005114045 80
21005114046 83
21005114047 61
21005114048 79
21005114049 67
21005114050 72
21005114001 75
21005114002 89
21005114003 96
21005114004 59
21005114005 77
21005114006 79
21005114007 93
21005114008 82
21005114009 62
21005114010 87
21005114011 54
21005114012 71
21005114013 79
21005114014 99
21005114015 61
21005114016 63
21005114017 57
21005114018 86
21005114019 57
21005114020 67
21005114021 83
21005114022 50
21005114023 86
21005114024 67
21005114025 82
21005114026 51
21005114027 56
21005114028 71
21005114029 75
21005114030 73
21005114031 78
21005114032 64
21005114033 85
21005114034 87
21005114035 57
21005114036 58
21005114037 94
21005114038 68
21005114039 94
21005114040 93
21005114041 56
21005114042 88
21005114043 81
21005114044 60
21005114045 82
21005114046 100
21005114047 59
21005114048 89
21005114049 81
21005114050 80
21005114001 53
21005114002 53
21005114003 76
21005114004 100
21005114005 63
21005114006 81
21005114007 74
21005114008 58
21005114009 58
21005114010 92
21005114011 80
21005114012 59
21005114013 73
21005114014 90
21005114015 91
21005114016 60
21005114017 80
21005114018 100
21005114019 77
21005114020 55
21005114021 70
21005114022 72
21005114023 80
21005114024 65
21005114025 85
21005114026 68
21005114027 54
21005114028 52
21005114029 71
21005114030 69
21005114031 88
21005114032 52
21005114033 95
21005114034 50
21005114035 60
21005114036 99
21005114037 74
21005114038 85
21005114039 95
21005114040 68
21005114041 71
21005114042 87
21005114043 85
21005114044 62
21005114045 86
21005114046 81
21005114047 52
21005114048 77
21005114049 89
21005114050 58
21005114001 98
21005114002 80
21005114003 79
21005114004 99
21005114005 50
21005114006 68
21005114007 78
21005114008 54
21005114009 95
21005114010 55
21005114011 86
21005114012 73
21005114013 79
21005114014 90
21005114015 60
21005114016 88
21005114017 54
21005114018 85
21005114019 73
21005114020 93
21005114021 88
21005114022 80
21005114023 67
21005114024 69
21005114025 93
21005114026 62
21005114027 72
21005114028 86
21005114029 88
21005114030 58
21005114031 93
21005114032 52
21005114033 91
21005114034 74
21005114035 70
21005114036 73
21005114037 78
21005114038 100
21005114039 53
21005114040 100
21005114041 78
21005114042 76
21005114043 75
21005114044 91
21005114045 56
21005114046 81
21005114047 90
21005114048 74
21005114049 80
21005114050 71
21005114001 85
21005114002 81
21005114003 95
21005114004 51
21005114005 68
21005114006 66
21005114007 75
21005114008 89
21005114009 71
21005114010 52
21005114011 85
21005114012 70
21005114013 65
21005114014 64
21005114015 82
21005114016 79
21005114017 62
21005114018 63
21005114019 60
21005114020 87
21005114021 74
21005114022 88
21005114023 98
21005114024 87
21005114025 96
21005114026 71
21005114027 91
21005114028 75
21005114029 80
21005114030 88
21005114031 80
21005114032 88
21005114033 68
21005114034 98
21005114035 69
21005114036 54
21005114037 96
21005114038 82
21005114039 98
21005114040 60
21005114041 82
21005114042 90
21005114043 81
21005114044 96
21005114045 86
21005114046 81
21005114047 76
21005114048 63
21005114049 91
21005114050 54
